[(239, 273)]
[(239, 273), (239, 130)]
[(239, 273), (239, 130), (300, 75)]
[(239, 273), (239, 130), (300, 75), (360, 130)]
[(239, 273), (239, 130), (300, 75), (360, 130), (370, 392)]
[(239, 273), (239, 130), (300, 75), (360, 130), (370, 392), (420, 451)]
[(239, 273), (239, 130), (300, 75), (360, 130), (370, 392), (420, 451), (479, 389)]
[(239, 273), (239, 130), (300, 75), (360, 130), (370, 392), (420, 451), (479, 389), (482, 126)]
[(239, 273), (239, 130), (300, 75), (360, 130), (370, 392), (420, 451), (479, 389), (482, 126), (531, 74)]
[(239, 273), (239, 130), (300, 75), (360, 130), (370, 392), (420, 451), (479, 389), (482, 126), (531, 74), (941, 80)]
[(239, 273), (239, 130), (300, 75), (360, 130), (370, 392), (420, 451), (479, 389), (482, 126), (531, 74), (941, 80), (988, 127)]
[(239, 273), (239, 130), (300, 75), (360, 130), (370, 392), (420, 451), (479, 389), (482, 126), (531, 74), (941, 80), (988, 127), (989, 240)]
[(239, 273), (239, 130), (300, 75), (360, 130), (370, 392), (420, 451), (479, 389), (482, 126), (531, 74), (941, 80), (988, 127), (989, 240), (940, 278)]
[(239, 273), (239, 130), (300, 75), (360, 130), (370, 392), (420, 451), (479, 389), (482, 126), (531, 74), (941, 80), (988, 127), (989, 240), (940, 278), (680, 277)]
[(239, 273), (239, 130), (300, 75), (360, 130), (370, 392), (420, 451), (479, 389), (482, 126), (531, 74), (941, 80), (988, 127), (989, 240), (940, 278), (680, 277), (614, 341)]
[(239, 273), (239, 130), (300, 75), (360, 130), (370, 392), (420, 451), (479, 389), (482, 126), (531, 74), (941, 80), (988, 127), (989, 240), (940, 278), (680, 277), (614, 341), (681, 386)]
[(239, 273), (239, 130), (300, 75), (360, 130), (370, 392), (420, 451), (479, 389), (482, 126), (531, 74), (941, 80), (988, 127), (989, 240), (940, 278), (680, 277), (614, 341), (681, 386), (941, 399)]
[(239, 273), (239, 130), (300, 75), (360, 130), (370, 392), (420, 451), (479, 389), (482, 126), (531, 74), (941, 80), (988, 127), (989, 240), (940, 278), (680, 277), (614, 341), (681, 386), (941, 399), (986, 440)]
[(239, 273), (239, 130), (300, 75), (360, 130), (370, 392), (420, 451), (479, 389), (482, 126), (531, 74), (941, 80), (988, 127), (989, 240), (940, 278), (680, 277), (614, 341), (681, 386), (941, 399), (986, 440), (987, 750)]
[(239, 273), (239, 130), (300, 75), (360, 130), (370, 392), (420, 451), (479, 389), (482, 126), (531, 74), (941, 80), (988, 127), (989, 240), (940, 278), (680, 277), (614, 341), (681, 386), (941, 399), (986, 440), (987, 750), (941, 800)]
[(239, 273), (239, 130), (300, 75), (360, 130), (370, 392), (420, 451), (479, 389), (482, 126), (531, 74), (941, 80), (988, 127), (989, 240), (940, 278), (680, 277), (614, 341), (681, 386), (941, 399), (986, 440), (987, 750), (941, 800), (890, 800)]
[(239, 273), (239, 130), (300, 75), (360, 130), (370, 392), (420, 451), (479, 389), (482, 126), (531, 74), (941, 80), (988, 127), (989, 240), (940, 278), (680, 277), (614, 341), (681, 386), (941, 399), (986, 440), (987, 750), (941, 800), (890, 800), (840, 751)]
[(239, 273), (239, 130), (300, 75), (360, 130), (370, 392), (420, 451), (479, 389), (482, 126), (531, 74), (941, 80), (988, 127), (989, 240), (940, 278), (680, 277), (614, 341), (681, 386), (941, 399), (986, 440), (987, 750), (941, 800), (890, 800), (840, 751), (831, 583)]
[(239, 273), (239, 130), (300, 75), (360, 130), (370, 392), (420, 451), (479, 389), (482, 126), (531, 74), (941, 80), (988, 127), (989, 240), (940, 278), (680, 277), (614, 341), (681, 386), (941, 399), (986, 440), (987, 750), (941, 800), (890, 800), (840, 751), (831, 583), (780, 532)]
[(239, 273), (239, 130), (300, 75), (360, 130), (370, 392), (420, 451), (479, 389), (482, 126), (531, 74), (941, 80), (988, 127), (989, 240), (940, 278), (680, 277), (614, 341), (681, 386), (941, 399), (986, 440), (987, 750), (941, 800), (890, 800), (840, 751), (831, 583), (780, 532), (680, 533)]
[(239, 273), (239, 130), (300, 75), (360, 130), (370, 392), (420, 451), (479, 389), (482, 126), (531, 74), (941, 80), (988, 127), (989, 240), (940, 278), (680, 277), (614, 341), (681, 386), (941, 399), (986, 440), (987, 750), (941, 800), (890, 800), (840, 751), (831, 583), (780, 532), (680, 533), (634, 582)]
[(239, 273), (239, 130), (300, 75), (360, 130), (370, 392), (420, 451), (479, 389), (482, 126), (531, 74), (941, 80), (988, 127), (989, 240), (940, 278), (680, 277), (614, 341), (681, 386), (941, 399), (986, 440), (987, 750), (941, 800), (890, 800), (840, 751), (831, 583), (780, 532), (680, 533), (634, 582), (611, 760)]
[(239, 273), (239, 130), (300, 75), (360, 130), (370, 392), (420, 451), (479, 389), (482, 126), (531, 74), (941, 80), (988, 127), (989, 240), (940, 278), (680, 277), (614, 341), (681, 386), (941, 399), (986, 440), (987, 750), (941, 800), (890, 800), (840, 751), (831, 583), (780, 532), (680, 533), (634, 582), (611, 760), (570, 797)]
[(239, 273), (239, 130), (300, 75), (360, 130), (370, 392), (420, 451), (479, 389), (482, 126), (531, 74), (941, 80), (988, 127), (989, 240), (940, 278), (680, 277), (614, 341), (681, 386), (941, 399), (986, 440), (987, 750), (941, 800), (890, 800), (840, 751), (831, 583), (780, 532), (680, 533), (634, 582), (611, 760), (570, 797), (301, 585)]
[(239, 273), (239, 130), (300, 75), (360, 130), (370, 392), (420, 451), (479, 389), (482, 126), (531, 74), (941, 80), (988, 127), (989, 240), (940, 278), (680, 277), (614, 341), (681, 386), (941, 399), (986, 440), (987, 750), (941, 800), (890, 800), (840, 751), (831, 583), (780, 532), (680, 533), (634, 582), (611, 760), (570, 797), (301, 585), (236, 436)]
