1.198
1.230
1.260
1.294
1.326
1.360
1.394
1.426
1.461
1.493
1.527
1.560
1.592
2.064
2.098
2.132
2.166
2.200
2.232
2.268
2.300
2.332
2.367
2.401
2.434
2.471
2.503
2.536
2.569
1.115
1.148
1.181
1.215
1.248
1.283
1.315
1.349
1.384
1.414
1.448
1.482
1.083
1.115
1.148
1.185
1.215
1.243
1.279
1.310
1.346
1.382
1.416
1.449
0.917
0.949
0.985
1.020
1.053
1.088
1.117
1.150
1.187
1.217
1.253
1.286
0.979
1.012
1.046
1.082
1.114
1.147
1.182
1.214
1.248
1.281
1.314
1.349
3.563
3.597
3.630
3.663
3.698
3.730
3.764
3.792
3.828
3.860
3.892
3.932
3.964
4.003
4.032
4.067
4.102
4.136
4.170
4.202
4.235
4.271
4.304
4.338
4.372
4.405
1.170
1.211
1.241
1.276
1.311
1.339
1.372
1.407
1.439
1.474
1.511
1.545
1.576
1.610
1.641
1.673
1.708
1.740
1.775
1.811
1.843
1.877
1.914
1.946
1.979
2.014
2.049
2.083
2.115
2.145
2.178
2.213
2.244
2.282
2.318
2.349
2.381
2.416
2.452
2.481
2.518
2.550
2.582
2.615
2.648
2.682
2.720
2.754
2.786
2.820
2.854
2.888
2.920
2.957
2.989
3.021
3.057
3.094
3.124
3.159
3.192
1.241
1.273
1.307
1.343
1.375
1.410
1.442
1.475
1.509
1.541
1.575
1.607
1.888
1.917
1.950
1.980
2.014
2.044
2.078
2.112
2.144
2.183
2.216
2.249
0.914
0.945
0.977
1.012
1.046
1.081
1.116
1.148
1.183
1.211
1.244
1.275
1.208
1.241
1.273
1.311
1.340
1.374
1.409
1.441
1.475
1.507
1.541
1.575
2.771
2.804
2.838
2.869
2.902
2.936
2.970
3.004
3.036
3.068
3.102
3.134
0.964
1.000
1.033
1.067
1.099
1.133
1.167
1.199
1.234
1.265
1.299
1.334
1.186
1.222
1.254
1.291
1.321
1.351
1.385
1.418
1.453
1.485
1.520
1.557
1.114
1.145
1.179
1.214
1.246
1.280
1.312
1.345
1.384
1.412
1.448
1.479
1.432
1.466
1.503
1.534
1.568
1.604
1.637
1.669
1.701
1.730
1.765
1.797
13.004
13.037
13.072
13.104
13.139
13.170
13.207
13.238
13.271
13.303
13.335
13.367
13.404
13.436
13.468
13.503
13.537
13.576
13.609
13.642
13.679
13.713
13.745
13.778
13.810
13.846
13.878
13.912
13.946
13.980
14.013
14.045
14.078
14.107
14.139
14.172
14.206
14.239
14.273
14.308
14.341
14.373
14.410
14.441
14.475
14.508
14.542
14.577
14.617
14.647
14.682
14.716
14.749
14.782
14.817
14.849
14.883
14.916
14.948
14.982
15.014
15.048
15.082
15.114
15.149
15.182
15.213
15.247
15.282
15.367
15.377
15.414
15.446
15.484
15.515
15.547
15.582
15.616
15.647
15.683
15.717
15.749
15.785
15.817
15.850
15.885
0.927
0.962
0.995
1.029
1.062
1.094
1.128
1.161
1.197
1.230
1.261
1.297
1.119
1.146
1.181
1.213
1.247
1.278
1.311
1.345
1.378
1.411
1.447
1.481
1.520
1.547
1.584
1.615
1.653
1.682
1.715
1.743
1.777
1.817
1.849
1.884
1.918
1.949
1.983
2.016
2.052
2.085
2.117
2.145
2.180
2.211
2.250
2.282
2.317
2.349
2.385
2.416
2.451
2.484
2.518
2.549
2.583
2.617
2.652
2.685
2.719
2.750
2.783
2.819
2.853
2.884
2.917
2.952
2.987
3.018
3.051
3.183
3.215
3.250
3.288
3.322
3.352
3.387
3.421
3.452
3.485
3.515
3.549
3.582
3.614
3.649
3.687
3.718
3.752
3.788
3.823
3.856
3.890
3.923
3.958
3.983
4.015
4.048
4.081
4.115
4.247
4.281
4.315
4.349
4.384
4.416
4.450
4.482
4.515
4.550
4.583
4.622
4.657
4.689
4.721
4.752
4.786
4.819
4.852
4.887
4.922
4.956
4.992
5.026
5.060
5.093
5.127
5.165
5.201
5.227
5.261
5.292
5.325
5.359
5.393
5.430
5.465
5.501
5.533
5.564
5.597
5.636
5.664
5.700
5.734
5.767
5.798
5.832
5.868
5.898
5.933
5.966
6.105
1.118
1.152
1.184
1.218
1.246
1.279
1.312
1.345
1.379
1.414
1.447
1.481
1.515
1.548
1.581
1.620
1.655
1.686
1.717
1.748
1.781
1.815
1.849
1.883
1.920
1.954
1.988
2.022
2.054
2.085
2.116
2.150
2.184
2.220
2.254
2.288
2.320
2.353
2.387
2.421
2.454
2.487
2.522
2.554
1.691
1.723
1.758
1.790
1.824
1.856
1.890
1.923
1.955
1.989
2.024
2.059
0.985
1.020
1.054
1.091
1.121
1.156
1.189
1.225
1.257
1.289
1.324
1.356
1.266
1.303
1.332
1.367
1.398
1.433
1.467
1.503
1.535
1.567
1.601
1.635
17.666
17.697
17.731
17.767
17.799
17.833
1.462
1.495
1.527
1.564
1.594
1.627
1.663
1.695
1.730
1.764
1.798
1.831
33.917
33.947
33.981
34.019
34.054
34.086
34.122
34.156
1.166
1.196
1.229
1.264
1.297
1.332
1.362
1.400
1.432
1.463
1.498
1.529
0.733
0.769
0.800
0.834
0.869
0.904
0.939
0.972
1.002
1.035
1.066
1.102
1.487
1.523
1.562
1.591
1.623
1.659
1.693
1.726
1.761
1.790
1.822
1.858
1.163
1.198
1.231
1.267
1.305
1.331
1.368
1.399
1.430
1.463
1.499
1.533
4.379
4.413
4.446
4.479
4.512
4.548
4.580
4.614
4.648
4.679
4.711
4.741
4.775
4.810
4.844
4.877
4.911
4.944
4.977
5.009
5.045
5.078
5.111
5.143
5.178
5.213
5.246
5.279
5.313
5.347
5.381
5.413
5.446
5.479
5.515
5.548
5.580
5.614
5.646
5.679
5.715
5.749
5.781
5.814
5.849
5.881
5.916
5.948
5.983
6.017
6.053
6.088
6.120
6.158
6.188
6.222
6.256
6.292
6.321
6.359
6.388
6.423
6.455
6.491
6.521
6.558
6.589
6.626
6.655
6.689
6.722
6.755
6.788
6.827
6.855
6.890
6.922
6.955
6.993
7.023
7.056
7.091
7.124
7.159
7.196
7.227
7.261
7.296
7.330
7.362
7.395
7.431
7.464
7.499
7.533
7.566
7.599
7.634
7.667
7.705
7.738
7.770
7.804
7.840
7.871
7.906
7.941
7.976
8.005
8.039
8.076
8.106
8.141
8.174
8.208
8.241
8.379
1.717
1.751
1.784
1.812
1.846
1.877
1.913
1.946
1.980
2.013
2.047
2.087
1.126
1.162
1.193
1.227
1.257
1.287
1.323
1.358
1.390
1.422
1.461
1.496
1.196
1.231
1.263
1.298
1.328
1.362
1.399
1.431
1.465
1.497
1.533
1.566
2.245
1.287
1.089
2.416
2.706
1.262
4.076
4.403
5.118
5.794
